37,49
37,48
37,47
37,46
37,45
37,44
37,43
37,42
37,41
37,40
37,39
37,38
37,37
37,36
37,35
10,143
10,144
10,217
10,276
10,88
10,282
10,248
10,195
11,6
9,7
8,11
8,18
8,17
8,12
8,16
33,3
33,2
33,1
32,3
32,2
32,1
25,3
25,2
25,1
25,0
20,3
20,2
20,1
19,3
19,2
19,1
18,3
18,1
14,3
14,1
13,1
12,3
13,3
12,2
12,1
11,28
11,27
11,26
11,25
11,24
11,23
11,22
11,21
11,20
11,19
11,18
11,17
11,16
11,15
11,14
11,13
11,12
11,10
11,8
11,7
11,5
11,3
11,2
11,1
10,302
10,301
10,294
10,293
10,280
10,252
10,240
10,1
10,111
